#        L1 diff.        L2 diff.      Max. diff.
               0               0               0
         63.4811         5.99202         1.42631
         66.6332         6.12578         1.44652
         74.3659         6.78359         1.55463
         76.1032           6.927          1.6077
          77.061         6.95798         1.60792
         77.9231         6.98365         1.60794
         81.2149         7.11651         1.60972
         86.3198         7.62176         1.71196
         87.3666         7.72083         1.72539
         90.5339         7.96395         1.76724
         90.8934         7.99094         1.77766
         91.0297           7.996          1.7777
         91.1378         8.00015          1.7777
         91.2273         8.00368          1.7777
         91.3036         8.00675          1.7777
         91.3695         8.00945         1.77771
         91.4275         8.01186         1.77771
         91.4789         8.01402         1.77771
         91.5251         8.01598         1.77771
         91.5666         8.01776         1.77771
         91.6044          8.0194         1.77771
         91.6389          8.0209          1.7777
         91.6706         8.02229         1.77769
         91.6997         8.02357         1.77771
         91.7266         8.02476         1.77772
         91.7516         8.02586         1.77775
          91.775         8.02691         1.77773
          91.911         8.03128         1.77771
         93.1946         8.09195         1.77771
         93.3197         8.09916         1.77771
         94.0818         8.12529         1.77771
         94.7892         8.15632         1.77771
         94.8432         8.15885         1.77771
         94.8603         8.15963         1.77771
         94.9743         8.16191         1.77774
         97.8219         8.28404          1.7833
          99.374         8.36043          1.7848
         99.8968         8.38787         1.78488
         100.112          8.3992         1.78488
         100.223         8.40505         1.78488
               0               0               0
